0,514
0,513
157,9
157,8
157,7
157,6
157,5
0,511
0,509
355,36
355,35
10,176
10,270
10,165
10,132
10,228
10,72
11,12
349,3
11,6
349,1
348,3
11,22
11,21
348,1
11,2
345,3
11,3
345,1
334,6
334,5
334,4
334,3
334,2
334,1
334,0
333,4
333,3
9,4
333,2
333,1
9,6
333,0
332,4
332,3
332,2
332,1
332,0
331,7
331,6
331,5
8,9
331,4
331,3
331,2
8,16
331,1
8,4
331,0
329,5
329,4
329,3
329,2
8,11
329,1
329,0
328,5
328,4
328,3
328,2
328,1
328,0
327,4
327,3
327,2
327,1
327,0
326,4
326,3
326,2
326,1
326,0
323,4
323,3
323,2
323,1
323,0
322,4
322,3
322,1
320,3
320,1
317,3
317,1
298,3
298,1
297,3
297,1
278,3
278,1
241,3
241,1
239,3
239,1
238,3
238,1
228,3
228,1
225,3
225,1
223,3
223,1
218,3
218,1
216,3
216,1
209,3
209,1
188,3
188,1
186,3
186,1
185,1
185,12
157,3
157,1
132,4
132,3
132,1
96,3
96,1
89,3
89,1
55,3
55,1
25,3
25,1
24,3
18,1
24,1
20,3
18,3
20,2
20,1
19,3
14,13
19,2
14,3
19,1
14,15
13,1
14,14
13,3
14,12
14,1
14,5
12,3
12,2
12,1
11,26
11,23
11,20
11,19
11,16
11,15
11,13
